  2.000000000000000E-003  2.000000000000000E-003 -0.176021108950584     
  2.000000000000000E-003  0.298270416666667      -0.187720100364266     
  2.000000000000000E-003  0.594540833333333      -0.196521879465753     
  2.000000000000000E-003  0.890811250000000      -0.205095487493913     
  2.000000000000000E-003   1.18708166666667      -0.214245250841447     
  2.000000000000000E-003   1.48335208333333      -0.224043663146055     
  2.000000000000000E-003   1.77962250000000      -0.234417638524718     
  2.000000000000000E-003   2.07589291666667      -0.245008059040260     
  2.000000000000000E-003   2.37216333333333      -0.255200612571393     
  2.000000000000000E-003   2.66843375000000      -0.264211087154958     
  2.000000000000000E-003   2.96470416666667      -0.271446297961505     
  2.000000000000000E-003   3.26097458333333      -0.276191593072465     
  2.000000000000000E-003   3.55724500000000      -0.277843894243844     
  2.000000000000000E-003   3.85351541666667      -0.276169498171282     
  2.000000000000000E-003   4.14978583333333      -0.271403831173396     
  2.000000000000000E-003   4.44605625000000      -0.264151170875640     
  2.000000000000000E-003   4.74232666666667      -0.255126760745211     
  2.000000000000000E-003   5.03859708333333      -0.244924892674234     
  2.000000000000000E-003   5.33486750000000      -0.234327441001023     
  2.000000000000000E-003   5.63113791666667      -0.223946514034701     
  2.000000000000000E-003   5.92740833333333      -0.214139633106504     
  2.000000000000000E-003   6.22367875000000      -0.204977514730963     
  2.000000000000000E-003   6.51994916666667      -0.196368035130693     
  2.000000000000000E-003   6.81621958333333      -0.187473509171382     
  2.000000000000000E-003   7.11249000000000      -0.175744770391499     
  0.298270416666667       2.000000000000000E-003 -0.187720007710262     
  0.298270416666667       0.298270416666667      -0.202411076501835     
  0.298270416666667       0.594540833333333      -0.212398025414043     
  0.298270416666667       0.890811250000000      -0.221377156634787     
  0.298270416666667        1.18708166666667      -0.231802819797175     
  0.298270416666667        1.48335208333333      -0.243724291354773     
  0.298270416666667        1.77962250000000      -0.256736614184289     
  0.298270416666667        2.07589291666667      -0.270232176146916     
  0.298270416666667        2.37216333333333      -0.283259249179845     
  0.298270416666667        2.66843375000000      -0.294825942267805     
  0.298270416666667        2.96470416666667      -0.304150810402293     
  0.298270416666667        3.26097458333333      -0.310280638707687     
  0.298270416666667        3.55724500000000      -0.312418053052296     
  0.298270416666667        3.85351541666667      -0.310254148959506     
  0.298270416666667        4.14978583333333      -0.304099724086523     
  0.298270416666667        4.44605625000000      -0.294753251876395     
  0.298270416666667        4.74232666666667      -0.283167892743454     
  0.298270416666667        5.03859708333333      -0.270124556581479     
  0.298270416666667        5.33486750000000      -0.256610781530812     
  0.298270416666667        5.63113791666667      -0.243571401831025     
  0.298270416666667        5.92740833333333      -0.231605383541270     
  0.298270416666667        6.22367875000000      -0.221104784073652     
  0.298270416666667        6.51994916666667      -0.212005754157193     
  0.298270416666667        6.81621958333333      -0.201924854137421     
  0.298270416666667        7.11249000000000      -0.187473634547899     
  0.594540833333333       2.000000000000000E-003 -0.196521687389571     
  0.594540833333333       0.298270416666667      -0.212397830589858     
  0.594540833333333       0.594540833333333      -0.225395889147763     
  0.594540833333333       0.890811250000000      -0.237103417952818     
  0.594540833333333        1.18708166666667      -0.250291489703031     
  0.594540833333333        1.48335208333333      -0.265534997780565     
  0.594540833333333        1.77962250000000      -0.282382187025049     
  0.594540833333333        2.07589291666667      -0.300006836250482     
  0.594540833333333        2.37216333333333      -0.317145332288298     
  0.594540833333333        2.66843375000000      -0.332510600683811     
  0.594540833333333        2.96470416666667      -0.344990478730401     
  0.594540833333333        3.26097458333333      -0.353223196090881     
  0.594540833333333        3.55724500000000      -0.356099753048283     
  0.594540833333333        3.85351541666667      -0.353192693886302     
  0.594540833333333        4.14978583333333      -0.344931696838626     
  0.594540833333333        4.44605625000000      -0.332426818271753     
  0.594540833333333        4.74232666666667      -0.317039468120173     
  0.594540833333333        5.03859708333333      -0.299880295667791     
  0.594540833333333        5.33486750000000      -0.282230621482153     
  0.594540833333333        5.63113791666667      -0.265345394540079     
  0.594540833333333        5.92740833333333      -0.250042115615327     
  0.594540833333333        6.22367875000000      -0.236768034577931     
  0.594540833333333        6.51994916666667      -0.224974385084487     
  0.594540833333333        6.81621958333333      -0.212005931003269     
  0.594540833333333        7.11249000000000      -0.196368240306462     
  0.890811250000000       2.000000000000000E-003 -0.205095283650655     
  0.890811250000000       0.298270416666667      -0.221376979831831     
  0.890811250000000       0.594540833333333      -0.237103357989593     
  0.890811250000000       0.890811250000000      -0.252869445355965     
  0.890811250000000        1.18708166666667      -0.270406514693758     
  0.890811250000000        1.48335208333333      -0.290429872089106     
  0.890811250000000        1.77962250000000      -0.312683821950305     
  0.890811250000000        2.07589291666667      -0.336189749854314     
  0.890811250000000        2.37216333333333      -0.359203812438986     
  0.890811250000000        2.66843375000000      -0.380262077199434     
  0.890811250000000        2.96470416666667      -0.397555400514269     
  0.890811250000000        3.26097458333333      -0.409028353465809     
  0.890811250000000        3.55724500000000      -0.413049142483234     
  0.890811250000000        3.85351541666667      -0.408994028210983     
  0.890811250000000        4.14978583333333      -0.397489553105919     
  0.890811250000000        4.44605625000000      -0.380168962427909     
  0.890811250000000        4.74232666666667      -0.359087184294723     
  0.890811250000000        5.03859708333333      -0.336051280408586     
  0.890811250000000        5.33486750000000      -0.312520915845069     
  0.890811250000000        5.63113791666667      -0.290231284861429     
  0.890811250000000        5.92740833333333      -0.270157267690907     
  0.890811250000000        6.22367875000000      -0.252562642524093     
  0.890811250000000        6.51994916666667      -0.236768153940851     
  0.890811250000000        6.81621958333333      -0.221105023680793     
  0.890811250000000        7.11249000000000      -0.204977714047013     
   1.18708166666667       2.000000000000000E-003 -0.214245097766869     
   1.18708166666667       0.298270416666667      -0.231802727757563     
   1.18708166666667       0.594540833333333      -0.250291475186713     
   1.18708166666667       0.890811250000000      -0.270406537010952     
   1.18708166666667        1.18708166666667      -0.293288749684272     
   1.18708166666667        1.48335208333333      -0.319580607311994     
   1.18708166666667        1.77962250000000      -0.349105940408481     
   1.18708166666667        2.07589291666667      -0.380638037305704     
   1.18708166666667        2.37216333333333      -0.412203908190995     
   1.18708166666667        2.66843375000000      -0.441781680796260     
   1.18708166666667        2.96470416666667      -0.466443334040146     
   1.18708166666667        3.26097458333333      -0.482966062773809     
   1.18708166666667        3.55724500000000      -0.488788184190268     
   1.18708166666667        3.85351541666667      -0.482926871953402     
   1.18708166666667        4.14978583333333      -0.466369217119343     
   1.18708166666667        4.44605625000000      -0.441679057092494     
   1.18708166666667        4.74232666666667      -0.412078513518276     
   1.18708166666667        5.03859708333333      -0.380493166045637     
   1.18708166666667        5.33486750000000      -0.348941920794780     
   1.18708166666667        5.63113791666667      -0.319391588874786     
   1.18708166666667        5.92740833333333      -0.293067750648128     
   1.18708166666667        6.22367875000000      -0.270157380398218     
   1.18708166666667        6.51994916666667      -0.250042341372165     
   1.18708166666667        6.81621958333333      -0.231605702440858     
   1.18708166666667        7.11249000000000      -0.214139935171594     
   1.48335208333333       2.000000000000000E-003 -0.224043558826808     
   1.48335208333333       0.298270416666667      -0.243724257583082     
   1.48335208333333       0.594540833333333      -0.265535030971047     
   1.48335208333333       0.890811250000000      -0.290429938528748     
   1.48335208333333        1.18708166666667      -0.319580658647799     
   1.48335208333333        1.48335208333333      -0.353738623681923     
   1.48335208333333        1.77962250000000      -0.392709231315808     
   1.48335208333333        2.07589291666667      -0.435067973175653     
   1.48335208333333        2.37216333333333      -0.478982708504471     
   1.48335208333333        2.66843375000000      -0.521270096008796     
   1.48335208333333        2.96470416666667      -0.557339613736723     
   1.48335208333333        3.26097458333333      -0.582030203321039     
   1.48335208333333        3.55724500000000      -0.590815034909572     
   1.48335208333333        3.85351541666667      -0.581982462937037     
   1.48335208333333        4.14978583333333      -0.557251698138903     
   1.48335208333333        4.44605625000000      -0.521153495024183     
   1.48335208333333        4.74232666666667      -0.478846933451654     
   1.48335208333333        5.03859708333333      -0.434918353614315     
   1.48335208333333        5.33486750000000      -0.392547417665197     
   1.48335208333333        5.63113791666667      -0.353564429376060     
   1.48335208333333        5.92740833333333      -0.319391709535973     
   1.48335208333333        6.22367875000000      -0.290231470263010     
   1.48335208333333        6.51994916666667      -0.265345628510654     
   1.48335208333333        6.81621958333333      -0.243571730973267     
   1.48335208333333        7.11249000000000      -0.223946833551506     
   1.77962250000000       2.000000000000000E-003 -0.234417526151940     
   1.77962250000000       0.298270416666667      -0.256736567178019     
   1.77962250000000       0.594540833333333      -0.282382211433474     
   1.77962250000000       0.890811250000000      -0.312683901190022     
   1.77962250000000        1.18708166666667      -0.349106038827112     
   1.77962250000000        1.48335208333333      -0.392709307395410     
   1.77962250000000        1.77962250000000      -0.443435953141568     
   1.77962250000000        2.07589291666667      -0.500627839713663     
   1.77962250000000        2.37216333333333      -0.562108476997517     
   1.77962250000000        2.66843375000000      -0.623658620324601     
   1.77962250000000        2.96470416666667      -0.678316895247136     
   1.77962250000000        3.26097458333333      -0.716956874524122     
   1.77962250000000        3.55724500000000      -0.731014739340174     
   1.77962250000000        3.85351541666667      -0.716893868086105     
   1.77962250000000        4.14978583333333      -0.678205104577549     
   1.77962250000000        4.44605625000000      -0.623517858919750     
   1.77962250000000        4.74232666666667      -0.561955377638327     
   1.77962250000000        5.03859708333333      -0.500471332411870     
   1.77962250000000        5.33486750000000      -0.443277154741451     
   1.77962250000000        5.63113791666667      -0.392547545902982     
   1.77962250000000        5.92740833333333      -0.348942098655782     
   1.77962250000000        6.22367875000000      -0.312521089189266     
   1.77962250000000        6.51994916666667      -0.282230789116884     
   1.77962250000000        6.81621958333333      -0.256611005737551     
   1.77962250000000        7.11249000000000      -0.234327676521983     
   2.07589291666667       2.000000000000000E-003 -0.245007885043204     
   2.07589291666667       0.298270416666667      -0.270232053717988     
   2.07589291666667       0.594540833333333      -0.300006802244203     
   2.07589291666667       0.890811250000000      -0.336189820413986     
   2.07589291666667        1.18708166666667      -0.380638198792210     
   2.07589291666667        1.48335208333333      -0.435068172717355     
   2.07589291666667        1.77962250000000      -0.500627990609525     
   2.07589291666667        2.07589291666667      -0.577407566542804     
   2.07589291666667        2.37216333333333      -0.663763121226130     
   2.07589291666667        2.66843375000000      -0.754817825111417     
   2.07589291666667        2.96470416666667      -0.840286819122987     
   2.07589291666667        3.26097458333333      -0.903806878281864     
   2.07589291666667        3.55724500000000      -0.927625793998534     
   2.07589291666667        3.85351541666667      -0.903717457534085     
   2.07589291666667        4.14978583333333      -0.840135850181503     
   2.07589291666667        4.44605625000000      -0.754640537527299     
   2.07589291666667        4.74232666666667      -0.663584995401463     
   2.07589291666667        5.03859708333333      -0.577239862677841     
   2.07589291666667        5.33486750000000      -0.500471693024723     
   2.07589291666667        5.63113791666667      -0.434918783224258     
   2.07589291666667        5.92740833333333      -0.380493532114649     
   2.07589291666667        6.22367875000000      -0.336051529222824     
   2.07589291666667        6.51994916666667      -0.299880437651372     
   2.07589291666667        6.81621958333333      -0.270124673970403     
   2.07589291666667        7.11249000000000      -0.244924988154372     
   2.37216333333333       2.000000000000000E-003 -0.255200415866882     
   2.37216333333333       0.298270416666667      -0.283259089367332     
   2.37216333333333       0.594540833333333      -0.317145286819908     
   2.37216333333333       0.890811250000000      -0.359203933326546     
   2.37216333333333        1.18708166666667      -0.412204193067277     
   2.37216333333333        1.48335208333333      -0.478983094553977     
   2.37216333333333        1.77962250000000      -0.562108856815364     
   2.37216333333333        2.07589291666667      -0.663763340595174     
   2.37216333333333        2.37216333333333      -0.784459249359107     
   2.37216333333333        2.66843375000000      -0.920229570189967     
   2.37216333333333        2.96470416666667       -1.05717205549753     
   2.37216333333333        3.26097458333333       -1.16599642685590     
   2.37216333333333        3.55724500000000       -1.20854768875759     
   2.37216333333333        3.85351541666667       -1.16586142438791     
   2.37216333333333        4.14978583333333       -1.05695991077853     
   2.37216333333333        4.44605625000000      -0.920003312117095     
   2.37216333333333        4.74232666666667      -0.784252973567430     
   2.37216333333333        5.03859708333333      -0.663585735092732     
   2.37216333333333        5.33486750000000      -0.561956390383738     
   2.37216333333333        5.63113791666667      -0.478847816370255     
   2.37216333333333        5.92740833333333      -0.412079238126798     
   2.37216333333333        6.22367875000000      -0.359087586975026     
   2.37216333333333        6.51994916666667      -0.317039730711741     
   2.37216333333333        6.81621958333333      -0.283168047823712     
   2.37216333333333        7.11249000000000      -0.255126885149786     
   2.66843375000000       2.000000000000000E-003 -0.264210937642175     
   2.66843375000000       0.298270416666667      -0.294825825762492     
   2.66843375000000       0.594540833333333      -0.332510621010904     
   2.66843375000000       0.890811250000000      -0.380262310553628     
   2.66843375000000        1.18708166666667      -0.441782137943507     
   2.66843375000000        1.48335208333333      -0.521270719966841     
   2.66843375000000        1.77962250000000      -0.623659253277609     
   2.66843375000000        2.07589291666667      -0.754818258814115     
   2.66843375000000        2.37216333333333      -0.920229751838204     
   2.66843375000000        2.66843375000000       -1.12035335663840     
   2.66843375000000        2.96470416666667       -1.33855310543361     
   2.66843375000000        3.26097458333333       -1.52487985639759     
   2.66843375000000        3.55724500000000       -1.60161690966396     
   2.66843375000000        3.85351541666667       -1.52466972320741     
   2.66843375000000        4.14978583333333       -1.33825735318145     
   2.66843375000000        4.44605625000000       -1.12007587707123     
   2.66843375000000        4.74232666666667      -0.920004629859421     
   2.66843375000000        5.03859708333333      -0.754642384678104     
   2.66843375000000        5.33486750000000      -0.623519779084326     
   2.66843375000000        5.63113791666667      -0.521155093106197     
   2.66843375000000        5.92740833333333      -0.441680208566496     
   2.66843375000000        6.22367875000000      -0.380169701911858     
   2.66843375000000        6.51994916666667      -0.332427212564283     
   2.66843375000000        6.81621958333333      -0.294753438628109     
   2.66843375000000        7.11249000000000      -0.264151391262149     
   2.96470416666667       2.000000000000000E-003 -0.271446225471152     
   2.96470416666667       0.298270416666667      -0.304150772599050     
   2.96470416666667       0.594540833333333      -0.344990594217516     
   2.96470416666667       0.890811250000000      -0.397555761592527     
   2.96470416666667        1.18708166666667      -0.466443967234017     
   2.96470416666667        1.48335208333333      -0.557340485616173     
   2.96470416666667        1.77962250000000      -0.678317750193745     
   2.96470416666667        2.07589291666667      -0.840287434445488     
   2.96470416666667        2.37216333333333       -1.05717236408477     
   2.96470416666667        2.66843375000000       -1.33855313757373     
   2.96470416666667        2.96470416666667       -1.66338333695444     
   2.96470416666667        3.26097458333333       -1.94793149409777     
   2.96470416666667        3.55724500000000       -2.06636960516472     
   2.96470416666667        3.85351541666667       -1.94762473993065     
   2.96470416666667        4.14978583333333       -1.66301635434218     
   2.96470416666667        4.44605625000000       -1.33825996507991     
   2.96470416666667        4.74232666666667       -1.05696326461770     
   2.96470416666667        5.03859708333333      -0.840139231997471     
   2.96470416666667        5.33486750000000      -0.678208053876568     
   2.96470416666667        5.63113791666667      -0.557254031422151     
   2.96470416666667        5.92740833333333      -0.466370853810354     
   2.96470416666667        6.22367875000000      -0.397490579813776     
   2.96470416666667        6.51994916666667      -0.344932265236155     
   2.96470416666667        6.81621958333333      -0.304100090433702     
   2.96470416666667        7.11249000000000      -0.271404133103270     
   3.26097458333333       2.000000000000000E-003 -0.276191570054524     
   3.26097458333333       0.298270416666667      -0.310280652341663     
   3.26097458333333       0.594540833333333      -0.353223371789631     
   3.26097458333333       0.890811250000000      -0.409028793509790     
   3.26097458333333        1.18708166666667      -0.482966810413523     
   3.26097458333333        1.48335208333333      -0.582031232372528     
   3.26097458333333        1.77962250000000      -0.716957880874198     
   3.26097458333333        2.07589291666667      -0.903807644450160     
   3.26097458333333        2.37216333333333       -1.16599686844953     
   3.26097458333333        2.66843375000000       -1.52487985633303     
   3.26097458333333        2.96470416666667       -1.94793109442499     
   3.26097458333333        3.26097458333333       -2.27652839224343     
   3.26097458333333        3.55724500000000       -2.39870451788817     
   3.26097458333333        3.85351541666667       -2.27622062779729     
   3.26097458333333        4.14978583333333       -1.94762890152695     
   3.26097458333333        4.44605625000000       -1.52467643769419     
   3.26097458333333        4.74232666666667       -1.16586756549818     
   3.26097458333333        5.03859708333333      -0.903722430713611     
   3.26097458333333        5.33486750000000      -0.716897835170035     
   3.26097458333333        5.63113791666667      -0.581985504120486     
   3.26097458333333        5.92740833333333      -0.482928943492394     
   3.26097458333333        6.22367875000000      -0.408995291952939     
   3.26097458333333        6.51994916666667      -0.353193466857385     
   3.26097458333333        6.81621958333333      -0.310254579074619     
   3.26097458333333        7.11249000000000      -0.276169915282783     
   3.55724500000000       2.000000000000000E-003 -0.277843847479070     
   3.55724500000000       0.298270416666667      -0.312418041038190     
   3.55724500000000       0.594540833333333      -0.356099902552859     
   3.55724500000000       0.890811250000000      -0.413049560690251     
   3.55724500000000        1.18708166666667      -0.488788925975950     
   3.55724500000000        1.48335208333333      -0.590816084782081     
   3.55724500000000        1.77962250000000      -0.731015775667467     
   3.55724500000000        2.07589291666667      -0.927626642034005     
   3.55724500000000        2.37216333333333       -1.20854829491632     
   3.55724500000000        2.66843375000000       -1.60161711916019     
   3.55724500000000        2.96470416666667       -2.06636925267341     
   3.55724500000000        3.26097458333333       -2.39870415775072     
   3.55724500000000        3.55724500000000       -2.58096830589396     
   3.55724500000000        3.85351541666667       -2.39870863026627     
   3.55724500000000        4.14978583333333       -2.06637883204360     
   3.55724500000000        4.44605625000000       -1.60162755555942     
   3.55724500000000        4.74232666666667       -1.20855632457751     
   3.55724500000000        5.03859708333333      -0.927632212578064     
   3.55724500000000        5.33486750000000      -0.731019456896510     
   3.55724500000000        5.63113791666667      -0.590818665982307     
   3.55724500000000        5.92740833333333      -0.488790558499239     
   3.55724500000000        6.22367875000000      -0.413050560477730     
   3.55724500000000        6.51994916666667      -0.356100645496713     
   3.55724500000000        6.81621958333333      -0.312418542246428     
   3.55724500000000        7.11249000000000      -0.277844328090182     
   3.85351541666667       2.000000000000000E-003 -0.276169347008576     
   3.85351541666667       0.298270416666667      -0.310254025202224     
   3.85351541666667       0.594540833333333      -0.353192720979915     
   3.85351541666667       0.890811250000000      -0.408994313412805     
   3.85351541666667        1.18708166666667      -0.482927471701777     
   3.85351541666667        1.48335208333333      -0.581983366749981     
   3.85351541666667        1.77962250000000      -0.716894790676055     
   3.85351541666667        2.07589291666667      -0.903718242837980     
   3.85351541666667        2.37216333333333       -1.16586207378090     
   3.85351541666667        2.66843375000000       -1.52467018126712     
   3.85351541666667        2.96470416666667       -1.94762486158279     
   3.85351541666667        3.26097458333333       -2.27622032623602     
   3.85351541666667        3.55724500000000       -2.39870817003553     
   3.85351541666667        3.85351541666667       -2.27653645047715     
   3.85351541666667        4.14978583333333       -1.94794593238589     
   3.85351541666667        4.44605625000000       -1.52489355516897     
   3.85351541666667        4.74232666666667       -1.16600631137211     
   3.85351541666667        5.03859708333333      -0.903813771899831     
   3.85351541666667        5.33486750000000      -0.716961880243412     
   3.85351541666667        5.63113791666667      -0.582033848336452     
   3.85351541666667        5.92740833333333      -0.482968469564560     
   3.85351541666667        6.22367875000000      -0.409029795910141     
   3.85351541666667        6.51994916666667      -0.353223965891170     
   3.85351541666667        6.81621958333333      -0.310281011247869     
   3.85351541666667        7.11249000000000      -0.276191931518454     
   4.14978583333333       2.000000000000000E-003 -0.271403527282594     
   4.14978583333333       0.298270416666667      -0.304099438873094     
   4.14978583333333       0.594540833333333      -0.344931545153316     
   4.14978583333333       0.890811250000000      -0.397489636054892     
   4.14978583333333        1.18708166666667      -0.466369584171616     
   4.14978583333333        1.48335208333333      -0.557252340688984     
   4.14978583333333        1.77962250000000      -0.678205786802062     
   4.14978583333333        2.07589291666667      -0.840136421915190     
   4.14978583333333        2.37216333333333       -1.05696038016502     
   4.14978583333333        2.66843375000000       -1.33825770677933     
   4.14978583333333        2.96470416666667       -1.66301644359009     
   4.14978583333333        3.26097458333333       -1.94762853405188     
   4.14978583333333        3.55724500000000       -2.06637823708652     
   4.14978583333333        3.85351541666667       -1.94794568079490     
   4.14978583333333        4.14978583333333       -1.66339872954447     
   4.14978583333333        4.44605625000000       -1.33856609575683     
   4.14978583333333        4.74232666666667       -1.05718127916998     
   4.14978583333333        5.03859708333333      -0.840293475929734     
   4.14978583333333        5.33486750000000      -0.678321709173366     
   4.14978583333333        5.63113791666667      -0.557342974754229     
   4.14978583333333        5.92740833333333      -0.466445541382568     
   4.14978583333333        6.22367875000000      -0.397556703752171     
   4.14978583333333        6.51994916666667      -0.344991078557237     
   4.14978583333333        6.81621958333333      -0.304151058714458     
   4.14978583333333        7.11249000000000      -0.271446420756278     
   4.44605625000000       2.000000000000000E-003 -0.264150723265321     
   4.44605625000000       0.298270416666667      -0.294752819968023     
   4.44605625000000       0.594540833333333      -0.332426501656616     
   4.44605625000000       0.890811250000000      -0.380168848248089     
   4.44605625000000        1.18708166666667      -0.441679184432509     
   4.44605625000000        1.48335208333333      -0.521153836031371     
   4.44605625000000        1.77962250000000      -0.623518265191289     
   4.44605625000000        2.07589291666667      -0.754640854314418     
   4.44605625000000        2.37216333333333      -0.920003541455621     
   4.44605625000000        2.66843375000000       -1.12007603735517     
   4.44605625000000        2.96470416666667       -1.33826000277881     
   4.44605625000000        3.26097458333333       -1.52467631063494     
   4.44605625000000        3.55724500000000       -1.60162741491830     
   4.44605625000000        3.85351541666667       -1.52489359574348     
   4.44605625000000        4.14978583333333       -1.33856622310205     
   4.44605625000000        4.44605625000000       -1.12036371619893     
   4.44605625000000        4.74232666666667      -0.920237331316121     
   4.44605625000000        5.03859708333333      -0.754823496068924     
   4.44605625000000        5.33486750000000      -0.623662816572320     
   4.44605625000000        5.63113791666667      -0.521273005929117     
   4.44605625000000        5.92740833333333      -0.441783505858527     
   4.44605625000000        6.22367875000000      -0.380263070989047     
   4.44605625000000        6.51994916666667      -0.332510959972789     
   4.44605625000000        6.81621958333333      -0.294825971911493     
   4.44605625000000        7.11249000000000      -0.264211080124193     
   4.74232666666667       2.000000000000000E-003 -0.255126224810344     
   4.74232666666667       0.298270416666667      -0.283167384947246     
   4.74232666666667       0.594540833333333      -0.317039064167534     
   4.74232666666667       0.890811250000000      -0.359086946956441     
   4.74232666666667        1.18708166666667      -0.412078469161264     
   4.74232666666667        1.48335208333333      -0.478847052746653     
   4.74232666666667        1.77962250000000      -0.561955560420661     
   4.74232666666667        2.07589291666667      -0.663585120962633     
   4.74232666666667        2.37216333333333      -0.784253052859487     
   4.74232666666667        2.66843375000000      -0.920004727508166     
   4.74232666666667        2.96470416666667       -1.05696342233851     
   4.74232666666667        3.26097458333333       -1.16586780472412     
   4.74232666666667        3.55724500000000       -1.20855666788171     
   4.74232666666667        3.85351541666667       -1.16600672612838     
   4.74232666666667        4.14978583333333       -1.05718163467188     
   4.74232666666667        4.44605625000000      -0.920237509376316     
   4.74232666666667        4.74232666666667      -0.784465237328033     
   4.74232666666667        5.03859708333333      -0.663767641238226     
   4.74232666666667        5.33486750000000      -0.562111806113370     
   4.74232666666667        5.63113791666667      -0.478985041582642     
   4.74232666666667        5.92740833333333      -0.412205331893408     
   4.74232666666667        6.22367875000000      -0.359204485577289     
   4.74232666666667        6.51994916666667      -0.317145524282926     
   4.74232666666667        6.81621958333333      -0.283259167626826     
   4.74232666666667        7.11249000000000      -0.255200390456010     
   5.03859708333333       2.000000000000000E-003 -0.244924333835435     
   5.03859708333333       0.298270416666667      -0.270124063281962     
   5.03859708333333       0.594540833333333      -0.299879909799146     
   5.03859708333333       0.890811250000000      -0.336051027595650     
   5.03859708333333        1.18708166666667      -0.380493053137452     
   5.03859708333333        1.48335208333333      -0.434918360495217     
   5.03859708333333        1.77962250000000      -0.500471397277050     
   5.03859708333333        2.07589291666667      -0.577239896331701     
   5.03859708333333        2.37216333333333      -0.663585750684822     
   5.03859708333333        2.66843375000000      -0.754642471882484     
   5.03859708333333        2.96470416666667      -0.840139467914706     
   5.03859708333333        3.26097458333333      -0.903722835492047     
   5.03859708333333        3.55724500000000      -0.927632736815116     
   5.03859708333333        3.85351541666667      -0.903814308073653     
   5.03859708333333        4.14978583333333      -0.840293901427071     
   5.03859708333333        4.44605625000000      -0.754823750043530     
   5.03859708333333        4.74232666666667      -0.663767745076988     
   5.03859708333333        5.03859708333333      -0.577411037814418     
   5.03859708333333        5.33486750000000      -0.500630364746797     
   5.03859708333333        5.63113791666667      -0.435069706289637     
   5.03859708333333        5.92740833333333      -0.380639062786891     
   5.03859708333333        6.22367875000000      -0.336190172935639     
   5.03859708333333        6.51994916666667      -0.300006874741397     
   5.03859708333333        6.81621958333333      -0.270231980205801     
   5.03859708333333        7.11249000000000      -0.245007747650065     
   5.33486750000000       2.000000000000000E-003 -0.234326976991518     
   5.33486750000000       0.298270416666667      -0.256610408926246     
   5.33486750000000       0.594540833333333      -0.282230348923423     
   5.33486750000000       0.890811250000000      -0.312520739297353     
   5.33486750000000        1.18708166666667      -0.348941834597684     
   5.33486750000000        1.48335208333333      -0.392547406341081     
   5.33486750000000        1.77962250000000      -0.443277194484802     
   5.33486750000000        2.07589291666667      -0.500471739146693     
   5.33486750000000        2.37216333333333      -0.561956411055590     
   5.33486750000000        2.66843375000000      -0.623519842076033     
   5.33486750000000        2.96470416666667      -0.678208234016006     
   5.33486750000000        3.26097458333333      -0.716898152307394     
   5.33486750000000        3.55724500000000      -0.731019862354598     
   5.33486750000000        3.85351541666667      -0.716962290011267     
   5.33486750000000        4.14978583333333      -0.678322049753084     
   5.33486750000000        4.44605625000000      -0.623663068306296     
   5.33486750000000        4.74232666666667      -0.562111989345135     
   5.33486750000000        5.03859708333333      -0.500630481084780     
   5.33486750000000        5.33486750000000      -0.443437763913333     
   5.33486750000000        5.63113791666667      -0.392710421507839     
   5.33486750000000        5.92740833333333      -0.349106573119183     
   5.33486750000000        6.22367875000000      -0.312684070306104     
   5.33486750000000        6.51994916666667      -0.282382089571800     
   5.33486750000000        6.81621958333333      -0.256736364375345     
   5.33486750000000        7.11249000000000      -0.234417358137721     
   5.63113791666667       2.000000000000000E-003 -0.223946194061289     
   5.63113791666667       0.298270416666667      -0.243571197507813     
   5.63113791666667       0.594540833333333      -0.265345273992134     
   5.63113791666667       0.890811250000000      -0.290231211418896     
   5.63113791666667        1.18708166666667      -0.319391558678010     
   5.63113791666667        1.48335208333333      -0.353564455186110     
   5.63113791666667        1.77962250000000      -0.392547618858597     
   5.63113791666667        2.07589291666667      -0.434918886531204     
   5.63113791666667        2.37216333333333      -0.478847924457296     
   5.63113791666667        2.66843375000000      -0.521155196726973     
   5.63113791666667        2.96470416666667      -0.557254152420127     
   5.63113791666667        3.26097458333333      -0.581985679541170     
   5.63113791666667        3.55724500000000      -0.590818893914097     
   5.63113791666667        3.85351541666667      -0.582034114271023     
   5.63113791666667        4.14978583333333      -0.557343267592707     
   5.63113791666667        4.44605625000000      -0.521273333251620     
   5.63113791666667        4.74232666666667      -0.478985369626926     
   5.63113791666667        5.03859708333333      -0.435069972464697     
   5.63113791666667        5.33486750000000      -0.392710566776417     
   5.63113791666667        5.63113791666667      -0.353739454166991     
   5.63113791666667        5.92740833333333      -0.319580973860461     
   5.63113791666667        6.22367875000000      -0.290429954670696     
   5.63113791666667        6.51994916666667      -0.265534852271546     
   5.63113791666667        6.81621958333333      -0.243724002412214     
   5.63113791666667        7.11249000000000      -0.224043305378201     
   5.92740833333333       2.000000000000000E-003 -0.214139412522334     
   5.92740833333333       0.298270416666667      -0.231605298719171     
   5.92740833333333       0.594540833333333      -0.250042098350739     
   5.92740833333333       0.890811250000000      -0.270157251582585     
   5.92740833333333        1.18708166666667      -0.293067741862161     
   5.92740833333333        1.48335208333333      -0.319391758050196     
   5.92740833333333        1.77962250000000      -0.348942230281078     
   5.92740833333333        2.07589291666667      -0.380493718902239     
   5.92740833333333        2.37216333333333      -0.412079452230576     
   5.92740833333333        2.66843375000000      -0.441680418450362     
   5.92740833333333        2.96470416666667      -0.466371048267868     
   5.92740833333333        3.26097458333333      -0.482929139445196     
   5.92740833333333        3.55724500000000      -0.488790790993581     
   5.92740833333333        3.85351541666667      -0.482968774940241     
   5.92740833333333        4.14978583333333      -0.466445938107176     
   5.92740833333333        4.44605625000000      -0.441783975710371     
   5.92740833333333        4.74232666666667      -0.412205815625846     
   5.92740833333333        5.03859708333333      -0.380639479877566     
   5.92740833333333        5.33486750000000      -0.349106853718402     
   5.92740833333333        5.63113791666667      -0.319581081507051     
   5.92740833333333        5.92740833333333      -0.293288833482205     
   5.92740833333333        6.22367875000000      -0.270406403605059     
   5.92740833333333        6.51994916666667      -0.250291244515196     
   5.92740833333333        6.81621958333333      -0.231802498906921     
   5.92740833333333        7.11249000000000      -0.214244919823260     
   6.22367875000000       2.000000000000000E-003 -0.204977347465168     
   6.22367875000000       0.298270416666667      -0.221104741707279     
   6.22367875000000       0.594540833333333      -0.236768023564139     
   6.22367875000000       0.890811250000000      -0.252562595006916     
   6.22367875000000        1.18708166666667      -0.270157324549307     
   6.22367875000000        1.48335208333333      -0.290231491083253     
   6.22367875000000        1.77962250000000      -0.312521247770976     
   6.22367875000000        2.07589291666667      -0.336051795709704     
   6.22367875000000        2.37216333333333      -0.359087905208046     
   6.22367875000000        2.66843375000000      -0.380170024785897     
   6.22367875000000        2.96470416666667      -0.397490878661160     
   6.22367875000000        3.26097458333333      -0.408995577124161     
   6.22367875000000        3.55724500000000      -0.413050876590372     
   6.22367875000000        3.85351541666667      -0.409030195298663     
   6.22367875000000        4.14978583333333      -0.397557212321871     
   6.22367875000000        4.44605625000000      -0.380263665112534     
   6.22367875000000        4.74232666666667      -0.359205094909733     
   6.22367875000000        5.03859708333333      -0.336190707762435     
   6.22367875000000        5.33486750000000      -0.312684429220726     
   6.22367875000000        5.63113791666667      -0.290430092148316     
   6.22367875000000        5.92740833333333      -0.270406412200364     
   6.22367875000000        6.22367875000000      -0.252869188972388     
   6.22367875000000        6.51994916666667      -0.237103078956424     
   6.22367875000000        6.81621958333333      -0.221376792807951     
   6.22367875000000        7.11249000000000      -0.205095142048041     
   6.51994916666667       2.000000000000000E-003 -0.196367934187389     
   6.51994916666667       0.298270416666667      -0.212005707781482     
   6.51994916666667       0.594540833333333      -0.224974311869498     
   6.51994916666667       0.890811250000000      -0.236768021481976     
   6.51994916666667        1.18708166666667      -0.250042195254655     
   6.51994916666667        1.48335208333333      -0.265345575468123     
   6.51994916666667        1.77962250000000      -0.282230917526898     
   6.51994916666667        2.07589291666667      -0.299880733930795     
   6.51994916666667        2.37216333333333      -0.317040097284526     
   6.51994916666667        2.66843375000000      -0.332427590861609     
   6.51994916666667        2.96470416666667      -0.344932616443980     
   6.51994916666667        3.26097458333333      -0.353193797123016     
   6.51994916666667        3.55724500000000      -0.356101002355517     
   6.51994916666667        3.85351541666667      -0.353224407589380     
   6.51994916666667        4.14978583333333      -0.344991634211338     
   6.51994916666667        4.44605625000000      -0.332511605293845     
   6.51994916666667        4.74232666666667      -0.317146188191012     
   6.51994916666667        5.03859708333333      -0.300007470047199     
   6.51994916666667        5.33486750000000      -0.282382466921084     
   6.51994916666667        5.63113791666667      -0.265534970632101     
   6.51994916666667        5.92740833333333      -0.250291218158286     
   6.51994916666667        6.22367875000000      -0.237103049958314     
   6.51994916666667        6.51994916666667      -0.225395478564520     
   6.51994916666667        6.81621958333333      -0.212397551644706     
   6.51994916666667        7.11249000000000      -0.196521530474865     
   6.81621958333333       2.000000000000000E-003 -0.187473405684418     
   6.81621958333333       0.298270416666667      -0.201924747249951     
   6.81621958333333       0.594540833333333      -0.212005818590259     
   6.81621958333333       0.890811250000000      -0.221104853432021     
   6.81621958333333        1.18708166666667      -0.231605494144947     
   6.81621958333333        1.48335208333333      -0.243571594732032     
   6.81621958333333        1.77962250000000      -0.256611052225194     
   6.81621958333333        2.07589291666667      -0.270124910041107     
   6.81621958333333        2.37216333333333      -0.283168363185643     
   6.81621958333333        2.66843375000000      -0.294753759719708     
   6.81621958333333        2.96470416666667      -0.304100375834576     
   6.81621958333333        3.26097458333333      -0.310254836389083     
   6.81621958333333        3.55724500000000      -0.312418823450530     
   6.81621958333333        3.85351541666667      -0.310281379807446     
   6.81621958333333        4.14978583333333      -0.304151547673038     
   6.81621958333333        4.44605625000000      -0.294826560898097     
   6.81621958333333        4.74232666666667      -0.283259793530240     
   6.81621958333333        5.03859708333333      -0.270232560093520     
   6.81621958333333        5.33486750000000      -0.256736725948747     
   6.81621958333333        5.63113791666667      -0.243724102389138     
   6.81621958333333        5.92740833333333      -0.231802464681325     
   6.81621958333333        6.22367875000000      -0.221376779803901     
   6.81621958333333        6.51994916666667      -0.212397592919873     
   6.81621958333333        6.81621958333333      -0.202410823976139     
   6.81621958333333        7.11249000000000      -0.187719820638428     
   7.11249000000000       2.000000000000000E-003 -0.175744660893263     
   7.11249000000000       0.298270416666667      -0.187473518116557     
   7.11249000000000       0.594540833333333      -0.196368181333942     
   7.11249000000000       0.890811250000000      -0.204977592417625     
   7.11249000000000        1.18708166666667      -0.214139727972695     
   7.11249000000000        1.48335208333333      -0.223946639246920     
   7.11249000000000        1.77962250000000      -0.234327617357433     
   7.11249000000000        2.07589291666667      -0.244925092964743     
   7.11249000000000        2.37216333333333      -0.255127052270529     
   7.11249000000000        2.66843375000000      -0.264151543029093     
   7.11249000000000        2.96470416666667      -0.271404233336207     
   7.11249000000000        3.26097458333333      -0.276169979856300     
   7.11249000000000        3.55724500000000      -0.277844417050949     
   7.11249000000000        3.85351541666667      -0.276192114914493     
   7.11249000000000        4.14978583333333      -0.271446737173265     
   7.11249000000000        4.44605625000000      -0.264211516265319     
   7.11249000000000        4.74232666666667      -0.255200895584359     
   7.11249000000000        5.03859708333333      -0.245008255296063     
   7.11249000000000        5.33486750000000      -0.234417689785026     
   7.11249000000000        5.63113791666667      -0.224043408722274     
   7.11249000000000        5.92740833333333      -0.214244910306447     
   7.11249000000000        6.22367875000000      -0.205095167570142     
   7.11249000000000        6.51994916666667      -0.196521624792040     
   7.11249000000000        6.81621958333333      -0.187719909949459     
   7.11249000000000        7.11249000000000      -0.176020983578899     
